1.55935
0
1.56516
1.11614
1.57706
1.09814
1.58138
-0.219254
1.57893
-0.19363
1.57705
-0.183923
1.57523
-0.182618
1.57371
-0.109515
1.57292
-0.0547734
1.57265
0.00539071
1.57294
0.0464643
1.5736
0.0878961
1.57476
0.146129
1.57656
0.21503
1.57906
0.285206
1.58223
0.348089
1.58603
0.41174
1.59047
0.475074
1.59552
0.53572
1.60117
0.59349
1.60738
0.649722
1.61417
0.708018
1.62155
0.767383
1.62953
0.829709
1.63815
0.893179
1.6474
0.958535
1.65732
1.02589
1.66793
1.09581
1.67925
1.16892
1.69132
1.24597
1.70419
1.32802
1.7179
1.41581
1.73252
1.51009
1.74813
1.61155
1.76478
1.72086
1.78257
1.83855
1.80157
1.96145
1.82174
2.06667
1.84272
2.11562
1.86378
2.08359
1.88412
1.97314
1.90308
1.8141
1.92035
1.63771
1.93585
1.46371
1.94966
1.30103
1.96192
1.15383
